33 0.32 0 0 0 0 0 0
34 0.32 0.6 0 0 0 0 0
35 0.32 1.2 0 0 0 0 0
36 0.32 1.8 0 0 0 0 0
37 0.32 0 0.6 0 0 0 0
38 0.32 0.6 0.6 0 0 0 0
39 0.32 1.2 0.6 0 0 0 0
40 0.32 1.8 0.6 0 0 0 0
41 0.32 0 1.2 0 0 0 0
42 0.32 0.6 1.2 0 0 0 0
43 0.32 1.2 1.2 0 0 0 0
44 0.32 1.8 1.2 0 0 0 0
45 0.32 0 1.8 0 0 0 0
46 0.32 0.6 1.8 0 0 0 0
47 0.32 1.2 1.8 0 0 0 0
48 0.32 1.8 1.8 0 0 0 0
49 0.32 0 2.72 0 0 0 0
50 0.32 0.6 2.72 0 0 0 0
51 0.32 1.2 2.72 0 0 0 0
52 0.32 1.8 2.72 0 0 0 0
53 0.32 0 3.32 0 0 0 0
54 0.32 0.6 3.32 0 0 0 0
55 0.32 1.2 3.32 0 0 0 0
56 0.32 1.8 3.32 0 0 0 0
57 0.32 0 3.92 0 0 0 0
58 0.32 0.6 3.92 0 0 0 0
59 0.32 1.2 3.92 0 0 0 0
60 0.32 1.8 3.92 0 0 0 0
61 0.32 0 4.52 0 0 0 0
62 0.32 0.6 4.52 0 0 0 0
63 0.32 1.2 4.52 0 0 0 0
64 0.32 1.8 4.52 0 0 0 0